# Camera parameter file. 

# The format of each camera is as follows:
# Filename (of the undistorted image in visualize folder)
# Original filename
# Focal Length (of the undistorted image)
# 2-vec Principal Point (image center)
# 3-vec Translation T (as in P = K[R T])
# 3-vec Camera Position C (as in P = K[R -RC])
# 3-vec Axis Angle format of R
# 4-vec Quaternion format of R
# 3x3 Matrix format of R
# [Normalized radial distortion] = [radial distortion] * [focal length]^2
# 3-vec Lat/Lng/Alt from EXIF

# The nubmer of cameras in this reconstruction
100

00000000.jpg
C:\Users\liuhong2\Desktop\VisualSFM_windows_cuda_64bit\Reconstruction\test\defish_2a3e3e62-e98e-42a8-9255-adb5d882f607-krpco.jpg
1962.48474121
2398.5 1799
-0.886233329773 1.86369466782 -6.02564430237
5.60862398148 0.852237820625 2.8955476284
0.403846745168 -0.938009296855 -0.204609326214
0.867435050548 0.192919268287 -0.448090938855 -0.0977427253536
0.579322814941 -0.00331975216977 -0.815093040466
-0.342461615801 0.906457483768 -0.247094601393
0.739666104317 0.422285139561 0.523993968964
0.000130404990481
33.4070594444 130.418803889 471.81

00000001.jpg
C:\Users\liuhong2\Desktop\VisualSFM_windows_cuda_64bit\Reconstruction\test\defish_e15074c7-0ac6-4d5d-8882-29612595d7d8-8jRLU.jpg
1951.8996582
2398.5 1799
-2.76583814621 2.89730834961 -5.08350658417
5.90232467651 0.436901807785 2.61878371239
0.565497533928 -0.688853083215 -0.212236911519
0.89690347819 0.272963484469 -0.332506733629 -0.102445940832
0.757889866829 0.00224399310537 -0.65238147974
-0.365292489529 0.829992055893 -0.421515494585
0.540524303913 0.557772099972 0.629861474037
-0.00070861574029
33.4069327778 130.41883 487.64

00000002.jpg
C:\Users\liuhong2\Desktop\VisualSFM_windows_cuda_64bit\Reconstruction\test\defish_7bd49fe7-690f-4a43-bc72-bb1710296689-WfGRA.jpg
1961.0111084
2398.5 1799
-2.24854588509 1.78472220898 -5.81751918793
5.85976028442 0.848213553429 2.65113282204
0.41654170863 -0.776041939977 -0.170240007998
0.901084086719 0.201357369345 -0.375140736924 -0.0822944724564
0.704995155334 -0.00276584760286 -0.709207892418
-0.299382805824 0.905365288258 -0.30113568902
0.64292550087 0.424623996019 0.637449681759
-0.00156526246725
33.4069513889 130.418828056 471.72

00000003.jpg
C:\Users\liuhong2\Desktop\VisualSFM_windows_cuda_64bit\Reconstruction\test\defish_5f524447-02d3-476c-99e9-43835f80a121-vn86I.jpg
1959.28918457
2398.5 1799
-3.52869987488 1.61146736145 -5.43106365204
6.14992380142 0.845253705978 2.45133447647
0.423180511289 -0.619107886667 -0.138174117909
0.928192547546 0.206501001026 -0.302108426378 -0.0674253490006
0.808368325233 0.000395995099097 -0.58867585659
-0.249938830733 0.90562069416 -0.342605382204
0.53298330307 0.424085378647 0.732176601887
-0.00266254588883
33.4067466667 130.418938333 471.82

00000004.jpg
C:\Users\liuhong2\Desktop\VisualSFM_windows_cuda_64bit\Reconstruction\test\defish_6eb41cea-e990-402c-8957-4610e1780746-KV0II.jpg
1950.74182129
2398.5 1799
-3.96708464622 2.65124225616 -4.65343952179
6.18789339066 0.428293466568 2.4388384819
0.577295658638 -0.538565126237 -0.169992634347
0.919574437063 0.280867303228 -0.262024029379 -0.0827052344209
0.84900701046 0.00491943955421 -0.528359532356
-0.299295037985 0.828546702862 -0.473214656115
0.435442864895 0.559898912907 0.704914867878
-0.000674227104401
33.4068283333 130.418874722 487.72

00000005.jpg
C:\Users\liuhong2\Desktop\VisualSFM_windows_cuda_64bit\Reconstruction\test\defish_449857d2-62fe-4079-954d-b13c38672d7e-oU3Gg.jpg
1958.7755127
2398.5 1799
-4.72017669678 1.35159492493 -4.86277246475
6.46114444733 0.846786737442 2.30000686646
0.425947127456 -0.462005089739 -0.106955475477
0.949638619202 0.209386199771 -0.227111497601 -0.0525769493706
0.891312003136 0.00475028390065 -0.453365236521
-0.194966122508 0.906785547733 -0.373800575733
0.409330159426 0.421564310789 0.809156477451
-0.00277056966982
33.4066580556 130.419020556 471.72

00000006.jpg
C:\Users\liuhong2\Desktop\VisualSFM_windows_cuda_64bit\Reconstruction\test\defish_fe944bf4-12e9-46e4-97bf-cae8eb44b633-YLQ2c.jpg
1958.4251709
2398.5 1799
-5.82591199875 1.04277896881 -4.1151227951
6.8075056076 0.845674097538 2.21483707428
0.43394857428 -0.30044758362 -0.0744196062417
0.964694826316 0.214414787797 -0.148451703045 -0.0367708641669
0.953220009804 0.0072848694399 -0.302190542221
-0.134605780244 0.905347704887 -0.402772188187
0.270651817322 0.424607157707 0.863976716995
-0.00242403915758
33.4065833333 130.419127222 471.81

00000007.jpg
C:\Users\liuhong2\Desktop\VisualSFM_windows_cuda_64bit\Reconstruction\test\defish_be2418d7-2c92-42d4-ba98-550a8e430841-yydPp.jpg
1944.15917969
2398.5 1799
-2.70155882835 3.91555786133 -4.43328523636
5.90852165222 0.0203487873077 2.71531891823
0.690368961048 -0.677395547106 -0.26320664564
0.877013121594 0.330913868935 -0.324695335305 -0.126162580232
0.757312297821 0.00640004035085 -0.65302246809
-0.43618491292 0.74915856123 -0.498502850533
0.486025810242 0.662360370159 0.57013720274
0.00150162203178
33.4069258333 130.418831111 503.81

00000008.jpg
C:\Users\liuhong2\Desktop\VisualSFM_windows_cuda_64bit\Reconstruction\test\defish_bec2ac1b-22f9-4497-93e4-de093bd64737-yULyu.jpg
1946.36120605
2398.5 1799
-1.33778882027 4.12934303284 -4.67654514313
5.66013717651 0.0337069034576 2.94498229027
0.677276792262 -0.837929006433 -0.323934550589
0.845908137926 0.321059023228 -0.397215247021 -0.153559241348
0.637278318405 0.00473528541625 -0.770617902279
-0.514852762222 0.746681690216 -0.421180158854
0.573412537575 0.665165603161 0.478282302618
0.00218844103185
33.4070419444 130.418804167 503.7

00000009.jpg
C:\Users\liuhong2\Desktop\VisualSFM_windows_cuda_64bit\Reconstruction\test\defish_2ad8cc39-b760-4a83-93ff-b8a714f404ce-CPYvE.jpg
1941.74621582
2398.5 1799
-3.96140122414 3.60765647888 -4.01564025879
6.192445755 0.0131447315216 2.54688954353
0.707498889975 -0.519870506304 -0.20689936392
0.900008693627 0.341878293977 -0.251212325988 -0.0999781095974
0.853793203831 0.00819435436279 -0.520547449589
-0.351730316877 0.746246576309 -0.565155148506
0.383825659752 0.665618598461 0.640022814274
0.00189617078906
33.406825 130.418877222 503.78

00000010.jpg
C:\Users\liuhong2\Desktop\VisualSFM_windows_cuda_64bit\Reconstruction\test\defish_dde13fe8-cc4f-46f6-90a0-2d9d7335d88b-mPMSz.jpg
1939.5324707
2398.5 1799
-5.12623023987 3.18167066574 -3.45626378059
6.521089077 0.00750398635864 2.41295003891
0.721064048988 -0.365436436022 -0.15302639793
0.916574385001 0.350449258145 -0.177608255581 -0.0743734037307
0.925846934319 0.0118520157412 -0.377710044384
-0.260823011398 0.743306517601 -0.616006374359
0.273454666138 0.668844878674 0.691280961037
0.00190602863419
33.4067327778 130.418946389 503.75

00000011.jpg
C:\Users\liuhong2\Desktop\VisualSFM_windows_cuda_64bit\Reconstruction\test\defish_5982450a-da59-4a93-ba31-c4d6eda2b879-4eZsM.jpg
1939.76293945
2398.5 1799
-5.1260304451 3.18011474609 -3.4559340477
6.52049446106 0.00756072998047 2.41161894798
0.720840049587 -0.365466851836 -0.153025050079
0.916611191126 0.350344863248 -0.177625305783 -0.0743736981236
0.925835371017 0.0118828201666 -0.377739191055
-0.260804235935 0.743454217911 -0.615838706493
0.273514181376 0.668681383133 0.69141471386
0.00154087068498
33.4067327778 130.418946389 503.75

00000012.jpg
C:\Users\liuhong2\Desktop\VisualSFM_windows_cuda_64bit\Reconstruction\test\defish_374209de-2f64-4bf0-b9bc-a27a320acc6d-Fq86P.jpg
1938.9005127
2398.5 1799
-6.18184280396 2.55354595184 -2.76946878433
6.85797119141 0.00745415687561 2.31816625595
0.725972698362 -0.207601072695 -0.0904351981811
0.928577634147 0.354302704693 -0.101317338406 -0.044135868177
0.975573301315 0.0101731419563 -0.219436943531
-0.153761178255 0.745042681694 -0.649051487446
0.156887114048 0.666938781738 0.728409707546
0.00263700991673
33.4066463889 130.419034167 503.76

00000013.jpg
C:\Users\liuhong2\Desktop\VisualSFM_windows_cuda_64bit\Reconstruction\test\defish_04b8fe45-797a-4235-958f-1f116d2a275c-Z1j7p.jpg
1948.53955078
2398.5 1799
-6.17124652863 1.78045153618 -3.25861024857
6.84067153931 0.417504429817 2.21443414688
0.593498566795 -0.217203768875 -0.0767125393506
0.949763271363 0.291763200922 -0.106777118606 -0.0377117945754
0.974353075027 0.00932729523629 -0.224831879139
-0.133941814303 0.826903164387 -0.546158313751
0.180820062757 0.562265574932 0.806944847107
0.000907268272362
33.4066527778 130.419021111 487.71

00000014.jpg
C:\Users\liuhong2\Desktop\VisualSFM_windows_cuda_64bit\Reconstruction\test\defish_c0984ab3-483e-41c6-a90a-9e5fc059dde1-onn2u.jpg
1949.68005371
2398.5 1799
0.0819180011749 4.1744761467 -4.75203466415
5.44016456604 0.0426998138428 3.22762775421
0.657288838532 -0.999036669658 -0.382773942992
0.809311525146 0.307476479397 -0.467344430587 -0.179059764135
0.499054163694 0.00243579177186 -0.866567909718
-0.577224731445 0.746790885925 -0.330322951078
0.646341025829 0.66505408287 0.374095529318
0.00296988666225
33.4071555556 130.418797778 503.56

00000015.jpg
C:\Users\liuhong2\Desktop\VisualSFM_windows_cuda_64bit\Reconstruction\test\defish_75611b3f-0474-4c5a-b3a1-d94110802649-Ti7Do.jpg
1938.31958008
2398.5 1799
-7.04235029221 1.89370322227 -1.99458003044
7.20695590973 -0.000745177268982 2.28451538086
0.727370646235 -0.0578355334328 -0.0353378983859
0.934030654061 0.355652226223 -0.0282790298545 -0.0172786766912
0.997804164886 0.0121627235785 -0.0651173144579
-0.0523925311863 0.746425509453 -0.663402676582
0.040536608547 0.665357649326 0.74542337656
0.00342624835398
33.4065691667 130.419138056 503.75

00000016.jpg
C:\Users\liuhong2\Desktop\VisualSFM_windows_cuda_64bit\Reconstruction\test\defish_e0a6c6ac-8919-49bc-9d97-85d4e4b35e51-A4KyB.jpg
1939.8215332
2398.5 1799
-7.72790622711 1.08519732952 -1.05005836487
7.53051662445 -0.00294053554535 2.30044817924
0.723961319014 0.104884886747 0.023503054019
0.933784840392 0.35395528765 0.0512797566438 0.0114909871943
0.994476437569 0.0148410331458 0.103902406991
0.0577614717185 0.74916768074 -0.659857571125
-0.0876346305013 0.662214756012 0.744172394276
0.00464720962838
33.4065097222 130.419253333 503.81

00000017.jpg
C:\Users\liuhong2\Desktop\VisualSFM_windows_cuda_64bit\Reconstruction\test\defish_0ad7c597-55fb-415e-8f74-ff22f390cb7c-AisOG.jpg
1948.44934082
2398.5 1799
-6.98329877853 1.23621952534 -2.43107748032
7.16147756577 0.413908421993 2.1787109375
0.594466650963 -0.0691685053975 -0.0325556032535
0.955430751678 0.292804241694 -0.0340689115852 -0.0160352455568
0.997164547443 0.0106903212145 -0.0744913741946
-0.0505919456482 0.828016400337 -0.558415591717
0.0557105690241 0.560601115227 0.826210737228
0.00191717781634
33.4065733333 130.419129722 487.79

00000018.jpg
C:\Users\liuhong2\Desktop\VisualSFM_windows_cuda_64bit\Reconstruction\test\defish_95ddc716-e88a-4843-a209-9c6113b42777-36pDb.jpg
1947.72265625
2398.5 1799
-7.66957473755 0.640281796455 -1.4834830761
7.50799560547 0.407596111298 2.21291232109
0.60144882897 0.0839252473237 0.012668211519
0.954235313513 0.296122743858 0.0413205135988 0.00623718157571
0.996508002281 0.0125683732331 0.0825527906418
0.0363753288984 0.824544370174 -0.56462597847
-0.0751651823521 0.565657138824 0.821207761765
0.0029444130383
33.4065180556 130.419234722 487.75

00000019.jpg
C:\Users\liuhong2\Desktop\VisualSFM_windows_cuda_64bit\Reconstruction\test\defish_6ff08ad7-b560-4051-bbed-1516f206d79f-4JVST.jpg
1941.68225098
2398.5 1799
-8.2044878006 0.257728606462 -0.112196303904
7.85915756226 0.00412523001432 2.37199831009
0.719764305554 0.256019896071 0.0803262149833
0.927144893288 0.351099199645 0.124885854869 0.0391829235953
0.965737223625 0.015038033016 0.259089112282
0.160351023078 0.750387966633 -0.6412525177
-0.204060018063 0.660826802254 0.722265422344
0.00510400849508
33.4064697222 130.4193675 503.72

00000020.jpg
C:\Users\liuhong2\Desktop\VisualSFM_windows_cuda_64bit\Reconstruction\test\defish_19aa8f84-c2f5-4074-87b6-a21057030d6d-lUFdS.jpg
1941.9552002
2398.5 1799
-8.4985370636 -0.564226925373 0.827320873737
8.17705154419 0.00753098726273 2.52264213562
0.723990030693 0.402719256245 0.136403216735
0.913167923291 0.35145548124 0.195497015163 0.0662159092636
0.914792835712 0.0164847094566 0.403586834669
0.258349686861 0.744189083576 -0.615985870361
-0.310499578714 0.667765617371 0.676520705223
0.00576529176346
33.4064455556 130.419495556 503.69

00000021.jpg
C:\Users\liuhong2\Desktop\VisualSFM_windows_cuda_64bit\Reconstruction\test\defish_eabddd75-251d-417d-bbbf-fd6bd534d32e-hJNIj.jpg
1950.00854492
2398.5 1799
-8.42571163177 -0.808736085892 0.694843530655
8.14627361298 0.407239615917 2.36684560776
0.584537541547 0.396552077429 0.10535342399
0.936919962737 0.286097089653 0.19408915114 0.0515643664369
0.919341623783 0.0144333392382 0.393197208643
0.207680076361 0.830978751183 -0.516083657742
-0.334186792374 0.556116640568 0.760955691338
0.00396463525381
33.4064475 130.419491111 487.71

00000022.jpg
C:\Users\liuhong2\Desktop\VisualSFM_windows_cuda_64bit\Reconstruction\test\defish_75e088e9-354e-4a54-b06d-5394d87e53ac-QX4tG.jpg
1946.20544434
2398.5 1799
-8.56564235687 -1.48071503639 1.86460483074
8.47434234619 0.00206172466278 2.68795156479
0.710814449872 0.55759598203 0.195360639499
0.895095339164 0.342890106662 0.26897898008 0.094240107988
0.837538659573 0.0157525744289 0.546152114868
0.353168100119 0.747090756893 -0.56314098835
-0.416895210743 0.664536356926 0.62015324831
0.00662306178362
33.4064413889 130.419634167 503.73

00000023.jpg
C:\Users\liuhong2\Desktop\VisualSFM_windows_cuda_64bit\Reconstruction\test\defish_a3ab6407-dbd5-43f0-9b0e-0af3bb099577-oTxMO.jpg
1953.12756348
2398.5 1799
-8.50041007996 -1.54840910435 1.82149958611
8.44818210602 0.408256173134 2.53653049469
0.57477566374 0.55210387918 0.151330559781
0.918860769082 0.279572144269 0.268544538503 0.0736075163938
0.844931781292 0.0148849794641 0.534667432308
0.28542521596 0.832842409611 -0.474242001772
-0.45235273242 0.553309500217 0.699446260929
0.00473501003727
33.4064338889 130.419615556 487.87

00000024.jpg
C:\Users\liuhong2\Desktop\VisualSFM_windows_cuda_64bit\Reconstruction\test\defish_01735d62-a137-4c52-97b2-1dbfbce64952-QUA0Q.jpg
1954.95495605
2398.5 1799
-8.40403842926 -2.247402668 2.85593032837
8.71567726135 0.417753696442 2.7744410038
0.570548128074 0.699172462959 0.19562429178
0.895300455329 0.275246759703 0.337298372274 0.0943740760546
0.754647016525 0.0166943650693 0.655918896198
0.354666978121 0.830665767193 -0.429192602634
-0.552014648914 0.556521594524 0.620938837528
0.00514309596718
33.4064430556 130.419749167 487.81

00000025.jpg
C:\Users\liuhong2\Desktop\VisualSFM_windows_cuda_64bit\Reconstruction\test\defish_b676a864-4a18-4a8b-88ed-56a7d35c835c-qGvkW.jpg
1946.65856934
2398.5 1799
-8.39665126801 -2.36959552765 2.93101167679
8.73474216461 -0.00371110439301 2.90067577362
0.694840817879 0.715667947933 0.250970741221
0.870643097155 0.332306667452 0.342267213814 0.120026412521
0.736894190311 0.0184748154134 0.675756633282
0.436475485563 0.750332713127 -0.496478527784
-0.516213715076 0.660803496838 0.544850707054
0.00732829255217
33.4064502778 130.419768333 503.81

00000026.jpg
C:\Users\liuhong2\Desktop\VisualSFM_windows_cuda_64bit\Reconstruction\test\defish_ab562b04-c438-4a72-a028-f884c335a1a4-nHmU6.jpg
1946.92138672
2398.5 1799
-8.01300811768 -3.25756311417 3.91588640213
8.95276641846 -0.00130724906921 3.16261386871
0.680040329699 0.871229720591 0.310821230801
0.83971198623 0.321651187383 0.412081551451 0.147014836598
0.617150783539 0.0181924495846 0.786634385586
0.511992931366 0.74985486269 -0.419024497271
-0.597484886646 0.661352932453 0.453459233046
0.008159483176
33.4064769444 130.419896111 503.75

00000027.jpg
C:\Users\liuhong2\Desktop\VisualSFM_windows_cuda_64bit\Reconstruction\test\defish_818c10a1-f851-47f6-b4f5-bf2a717d8930-Kg7WP.jpg
1947.0378418
2398.5 1799
-7.50881290436 -4.00892400742 4.7677526474
9.12404346466 -0.00325179100037 3.45499372482
0.663135581875 1.01307279432 0.36405228396
0.806742063707 0.309919763541 0.473464687232 0.170141673656
0.493765592575 0.0189512651414 0.869388222694
0.567993044853 0.750003695488 -0.338938325644
-0.658467292786 0.661162912846 0.359561741352
0.00912232493164
33.4065219444 130.420017778 503.71

00000028.jpg
C:\Users\liuhong2\Desktop\VisualSFM_windows_cuda_64bit\Reconstruction\test\defish_cb45f051-bf6b-4f94-be17-72be396a9897-cj5GD.jpg
1957.24316406
2398.5 1799
-8.10175418854 -2.91899299622 3.88382196426
8.94274044037 0.427772283554 3.01453733444
0.557511238925 0.844689545704 0.237078185475
0.867947683413 0.266373950869 0.403585211988 0.113273865208
0.648576140404 0.0183776374906 0.760928213596
0.411640793085 0.832428216934 -0.370966136456
-0.640235185623 0.553828477859 0.532328367233
0.00583915789494
33.4064725 130.419881944 487.65

00000029.jpg
C:\Users\liuhong2\Desktop\VisualSFM_windows_cuda_64bit\Reconstruction\test\defish_88748c3b-79dd-4097-8c4a-00d7e0e977df-DlIka.jpg
1955.84082031
2398.5 1799
-7.60309123993 -3.59466481209 4.84594392776
9.11327934265 0.426498651505 3.31330680847
0.547396074892 0.993921371205 0.284614193789
0.833756158769 0.258356059677 0.469103855272 0.134330158743
0.523793756962 0.0183945223689 0.851646602154
0.466388911009 0.830415964127 -0.304782152176
-0.712826311588 0.556841671467 0.426387608051
0.00663571089209
33.4065108333 130.42 487.74

00000030.jpg
C:\Users\liuhong2\Desktop\VisualSFM_windows_cuda_64bit\Reconstruction\test\defish_ce85bd7a-c4c1-4bc2-ad96-2b095366b232-ScPuc.jpg
1955.99694824
2398.5 1799
-6.79176712036 -4.28570413589 5.85245037079
9.2423324585 0.425035715103 3.625623703
0.528649737544 1.16091905325 0.336189898444
0.790244685175 0.24557144927 0.539276867358 0.15616888599
0.369583547115 0.0180386044085 0.929022848606
0.51168513298 0.830612361431 -0.219686567783
-0.775619864464 0.556559562683 0.297750741243
0.00732681933683
33.4065736111 130.420113056 487.79

00000031.jpg
C:\Users\liuhong2\Desktop\VisualSFM_windows_cuda_64bit\Reconstruction\test\defish_5e36e045-d68b-4342-b1e7-654c871d2150-0MroG.jpg
1964.03051758
2398.5 1799
-8.3396024704 -2.49435639381 3.67711019516
8.92009544373 0.838641405106 3.00341939926
0.418668501592 0.799915671118 0.161873018867
0.896661703486 0.20207256364 0.386083523705 0.0781288675463
0.689671039581 0.0159233547747 0.723947942257
0.296144008636 0.906124949455 -0.302052825689
-0.660797297955 0.422710090876 0.620212852955
0.00377503882455
33.4065144444 130.419995833 471.82

00000032.jpg
C:\Users\liuhong2\Desktop\VisualSFM_windows_cuda_64bit\Reconstruction\test\defish_57fa3bc9-29ec-43eb-8812-b1199434ca31-fTma6.jpg
1963.94482422
2398.5 1799
-8.60465049744 -1.91128337383 2.5702624321
8.72463989258 0.840229392052 2.73388767242
0.417163897346 0.647090496244 0.121229306882
0.925025325506 0.203342629539 0.315418193888 0.059092088734
0.794040203094 0.018952568993 0.607571721077
0.237599283457 0.910320162773 -0.338916659355
-0.559507548809 0.413471668959 0.718327045441
0.00326640432818
33.4064658333 130.419878056 471.81

00000033.jpg
C:\Users\liuhong2\Desktop\VisualSFM_windows_cuda_64bit\Reconstruction\test\defish_b3a89e00-2c42-457c-9b20-33d7f647e117-JnsZe.jpg
1962.08789063
2398.5 1799
-8.64886188507 -1.38855087757 1.31389725208
8.44919395447 0.839191675186 2.52272415161
0.428257429584 0.488364016091 0.0922160380454
0.946679828849 0.210309218574 0.239826439681 0.0452855725589
0.88086527586 0.0151336668059 0.473125755787
0.186617419124 0.907438397408 -0.376469552517
-0.435029655695 0.419912427664 0.796507120132
0.0027211455766
33.4064413889 130.419746667 471.82

00000034.jpg
C:\Users\liuhong2\Desktop\VisualSFM_windows_cuda_64bit\Reconstruction\test\defish_b56698fe-c578-47be-ba4d-479f1abe707e-dkRvG.jpg
1963.74108887
2398.5 1799
-7.79910802841 -3.054864645 4.93871545792
9.11005878448 0.842968940735 3.29325175285
0.40469981228 0.972034983309 0.196733112454
0.859978446635 0.192814223134 0.463114052635 0.0937310596435
0.553480327129 0.0173766035587 0.832681715488
0.339803367853 0.908074676991 -0.244815737009
-0.76039069891 0.41844856739 0.496696710587
0.0046289292608
33.4065719444 130.420113333 471.75

00000035.jpg
C:\Users\liuhong2\Desktop\VisualSFM_windows_cuda_64bit\Reconstruction\test\defish_bfe7eefe-1342-4722-89bd-697f0eed06d6-uI1MA.jpg
1958.48498535
2398.5 1799
-8.48739814758 -0.83464795351 0.0830449089408
8.1511554718 0.838018000126 2.36556482315
0.433602632373 0.33050595299 0.0590878191376
0.962642978291 0.214094848389 0.163190019188 0.0291750942808
0.945035994053 0.0137058142573 0.326679944992
0.126046612859 0.90662497282 -0.402671724558
-0.301694959402 0.421715885401 0.855065047741
0.00154321525643
33.4064369444 130.419616389 471.85

00000036.jpg
C:\Users\liuhong2\Desktop\VisualSFM_windows_cuda_64bit\Reconstruction\test\defish_6df694d5-45b4-4b65-977b-76e2375102bd-oVkaN.jpg
1956.71557617
2398.5 1799
-8.08823394775 -0.287412375212 -1.18621349335
7.81699562073 0.841813266277 2.25725317001
0.441139693215 0.163495709778 0.0270884009685
0.972369561592 0.218534599212 0.0809935491155 0.0134192251117
0.986520111561 0.00930311810225 0.163376390934
0.0614969022572 0.904124379158 -0.42281883955
-0.151646256447 0.427166730165 0.891365766525
0.000831501244861
33.4064508333 130.41948 471.78

00000037.jpg
C:\Users\liuhong2\Desktop\VisualSFM_windows_cuda_64bit\Reconstruction\test\defish_dfcf30c5-47c4-471a-9f93-cc34a6824d01-15fze.jpg
1956.8236084
2398.5 1799
-7.48690319061 0.239467054605 -2.33397626877
7.48105192184 0.844446241856 2.20893764496
0.446471031096 0.00161648193429 -0.00690856698771
0.975180227483 0.221385556495 0.000801543051314 -0.0034256577485
0.999976336956 0.0070361145772 4.65906814497e-005
-0.00632642023265 0.901953756809 -0.431786924601
-0.00308000505902 0.431776344776 0.901975810528
0.000760418286591
33.4064827778 130.419354444 471.79

00000038.jpg
C:\Users\liuhong2\Desktop\VisualSFM_windows_cuda_64bit\Reconstruction\test\defish_6efd2d90-0676-4359-9492-dbf88b97da15-D2y38.jpg
1957.41821289
2398.5 1799
-6.70759105682 0.68340498209 -3.31096148491
7.13254451752 0.844662249088 2.19879698753
0.443471365835 -0.152570655377 -0.0401786668366
0.972432865397 0.219694374383 -0.0755830415771 -0.0199043901236
0.987782657146 0.00550110079348 -0.155744552612
-0.0719216316938 0.902676582336 -0.424267202616
0.138253182173 0.430284917355 0.892043471336
-0.00114030448826
33.4065308333 130.419235833 471.76

00000039.jpg
C:\Users\liuhong2\Desktop\VisualSFM_windows_cuda_64bit\Reconstruction\test\defish_b2bbc6e8-92a6-4718-ae45-c394d4035de7-7DxzB.jpg
1957.71704102
2398.5 1799
-0.0541755259037 3.19890189171 -5.43565607071
5.44775533676 0.425225496292 3.15014433861
0.543754774148 -1.00541869835 -0.311080261361
0.829655303977 0.256256943658 -0.473826686195 -0.146603728002
0.507991313934 0.000418498762883 -0.861362040043
-0.486103743315 0.825678884983 -0.286280184984
0.711089253426 0.564139544964 0.419641494751
0.00197897072676
33.4071541667 130.418800556 487.7

00000040.jpg
C:\Users\liuhong2\Desktop\VisualSFM_windows_cuda_64bit\Reconstruction\test\defish_328a8b59-2e82-4b8c-937a-f811af2bd1e1-31XYR.jpg
1951.01330566
2398.5 1799
1.47499382496 4.0337395668 -4.66776800156
5.2653131485 0.0476171970367 3.53679227829
0.627841570837 -1.15802275233 -0.437193023101
0.768717252995 0.289324004913 -0.533643829984 -0.201468717968
0.349269479513 0.000953207025304 -0.937022209167
-0.618536710739 0.751403570175 -0.229791402817
0.703862667084 0.659842014313 0.263031810522
0.00375867141025
33.4072630556 130.418816667 503.57

00000041.jpg
C:\Users\liuhong2\Desktop\VisualSFM_windows_cuda_64bit\Reconstruction\test\defish_824d66c3-0185-44ea-b98e-253c9fc329ce-kHRfA.jpg
1957.50769043
2398.5 1799
1.28681194782 3.11770796776 -5.3489074707
5.28874492645 0.421059608459 3.44073796272
0.521957596443 -1.16205018007 -0.356394586517
0.78913095385 0.242362949985 -0.539580057063 -0.165486322903
0.36293515563 -0.000367579428712 -0.931814074516
-0.522729098797 0.82774835825 -0.203925848007
0.771383225918 0.561098575592 0.30022713542
0.00216959416158
33.4072572222 130.4188125 487.77

00000042.jpg
C:\Users\liuhong2\Desktop\VisualSFM_windows_cuda_64bit\Reconstruction\test\defish_08413d28-02b3-4715-bd67-b1fd227ed68e-mNyN1.jpg
1951.16418457
2398.5 1799
2.79718208313 3.83654737473 -4.36949110031
5.16391658783 0.036164522171 3.86890530586
0.607403969779 -1.31258979551 -0.494772449007
0.721865386197 0.274985376637 -0.594238788759 -0.223994565411
0.193413570523 -0.0034261632245 -0.981110990047
-0.65020185709 0.748418331146 -0.130792155862
0.734730660915 0.663217544556 0.142526641488
0.00379811146898
33.4073655556 130.418849167 503.67

00000043.jpg
C:\Users\liuhong2\Desktop\VisualSFM_windows_cuda_64bit\Reconstruction\test\defish_42cd906b-8e45-48d0-a182-33024415697b-9sO3f.jpg
1961.11621094
2398.5 1799
2.57377576828 2.90142416954 -5.08104133606
5.16624259949 0.416157245636 3.74115777016
0.495277175363 -1.31716059093 -0.400282036407
0.744165309987 0.226136393042 -0.601396470313 -0.1827629869
0.209839656949 1.63766853802e-005 -0.977735877037
-0.544007122517 0.830919802189 -0.116739541292
0.812417685986 0.556391894817 0.174368575215
0.00257523014171
33.4073633333 130.418843611 487.83

00000044.jpg
C:\Users\liuhong2\Desktop\VisualSFM_windows_cuda_64bit\Reconstruction\test\defish_36eb1690-f674-483e-9941-e304607c6c41-ihH8G.jpg
1952.26269531
2398.5 1799
3.96430063248 3.49846148491 -3.95764398575
5.10303688049 0.00570249557495 4.19247293472
0.576160767054 -1.45392290055 -0.551319763466
0.675519705198 0.256189634543 -0.646486185528 -0.245144093098
0.0439202710986 -4.66447745566e-005 -0.999035298824
-0.662445306778 0.74854195118 -0.0291575156152
0.747821331024 0.663087069988 0.0328452661633
0.00384244404473
33.4074758333 130.418906667 503.87

00000045.jpg
C:\Users\liuhong2\Desktop\VisualSFM_windows_cuda_64bit\Reconstruction\test\defish_ffb068bb-d89d-48b5-acd4-95f8bdc1bc27-9bax6.jpg
1963.64611816
2398.5 1799
3.83196210861 2.57819509506 -4.62414884567
5.08442306519 0.412660598755 4.08559942245
0.468044185786 -1.47503634408 -0.442593221152
0.69326946589 0.209566073801 -0.660445284294 -0.198170443015
0.0490809381008 -0.00204277108423 -0.99879270792
-0.551584839821 0.833621144295 -0.028809864074
0.832673490047 0.552333176136 0.0397881269455
0.00234007481295
33.4074652778 130.418899167 487.8

00000046.jpg
C:\Users\liuhong2\Desktop\VisualSFM_windows_cuda_64bit\Reconstruction\test\defish_58d33bae-bca4-4cce-91fd-e79b44b3f356-ugUC1.jpg
1963.93103027
2398.5 1799
4.94263887405 2.18526721001 -4.0390381813
5.07632780075 0.413774013519 4.42476940155
0.440403873168 -1.62514209432 -0.488886356333
0.639730521024 0.193061424196 -0.712419364058 -0.214314864093
-0.106944337487 -0.000873830227647 -0.994264602661
-0.549288868904 0.833593189716 0.0583496317267
0.828761041164 0.552378773689 -0.0896282941103
0.00251278426858
33.4075627778 130.418977222 487.86

00000047.jpg
C:\Users\liuhong2\Desktop\VisualSFM_windows_cuda_64bit\Reconstruction\test\defish_76a06dd4-e40f-42db-bc3f-6ab8eda0e550-RelnV.jpg
1954.46777344
2398.5 1799
5.12663936615 2.9733839035 -3.38053774834
5.08062648773 -0.0151636600494 4.5539522171
0.535901834676 -1.60827157013 -0.607181367575
0.62134924318 0.233189975882 -0.699816243171 -0.264206239463
-0.119094870985 0.00194840622135 -0.992881178856
-0.654708981514 0.751634716988 0.080006994307
0.746439993382 0.659576654434 -0.0882403180003
0.00329910987287
33.4075638889 130.4189775 503.92

00000048.jpg
C:\Users\liuhong2\Desktop\VisualSFM_windows_cuda_64bit\Reconstruction\test\defish_0343e175-1ba7-4ade-9f7f-50eb183dd07e-C3xO1.jpg
1955.40930176
2398.5 1799
6.07905578613 2.39003801346 -2.71827340126
5.12396287918 -0.0245496034622 4.87858819962
0.497363861096 -1.75310772122 -0.65963449727
0.566120996664 0.211551310638 -0.745675882636 -0.280572340202
-0.269506305456 0.00217840378173 -0.962996184826
-0.633173167706 0.753050982952 0.178904786706
0.725574910641 0.657959342003 -0.201572746038
0.0033200346911
33.4076413889 130.419068056 503.8

00000049.jpg
C:\Users\liuhong2\Desktop\VisualSFM_windows_cuda_64bit\Reconstruction\test\defish_b25fc825-06e7-4656-8042-494f8d30a2a4-UrP2G.jpg
1963.29785156
2398.5 1799
6.00170373917 1.64293527603 -3.25203990936
5.1216044426 0.415120720863 4.78458547592
0.404976687468 -1.78774296066 -0.538583690219
0.577394510472 0.173067316153 -0.763994288427 -0.230164443224
-0.273326426744 0.00134644028731 -0.961920082569
-0.530236303806 0.834143936634 0.151832491159
0.802584350109 0.551544964314 -0.227279826999
0.00180919846013
33.4076477778 130.419070833 487.81

00000050.jpg
C:\Users\liuhong2\Desktop\VisualSFM_windows_cuda_64bit\Reconstruction\test\defish_1c26a26d-c5ed-4a68-aa82-8d4801e25dfd-wi7Qj.jpg
1956.07141113
2398.5 1799
6.9287443161 1.66803586483 -1.89492869377
5.23267650604 -0.0239933729172 5.19606637955
0.453350035374 -1.90878339799 -0.719526596858
0.502047103218 0.187626009266 -0.789979890975 -0.29778734619
-0.425490230322 0.00256561744027 -0.904959261417
-0.595447480679 0.752237915993 0.282098114491
0.681469202042 0.658886492252 -0.318542510271
0.0035118795238
33.4077102778 130.419172778 503.92

00000051.jpg
C:\Users\liuhong2\Desktop\VisualSFM_windows_cuda_64bit\Reconstruction\test\defish_bb362d12-ab17-4e8a-912b-736a25a00fa6-PL3vB.jpg
1965.29467773
2398.5 1799
6.90563249588 1.045576334 -2.29102540016
5.22655534744 0.420552670956 5.15131855011
0.372759370052 -1.95314845264 -0.579949071211
0.50998821003 0.154805358244 -0.811134126217 -0.24085034729
-0.431894719601 -0.00547430105507 -0.901907980442
-0.496797651052 0.836052894592 0.232826083899
0.752767384052 0.548621714115 -0.363806277514
0.00149150847058
33.4077125 130.419175278 487.8

00000052.jpg
C:\Users\liuhong2\Desktop\VisualSFM_windows_cuda_64bit\Reconstruction\test\defish_57d32d26-1ae9-4bc4-ab16-d425f441483c-0qBo9.jpg
1957.90136719
2398.5 1799
7.58609676361 0.873407185078 -0.989315509796
5.38211154938 -0.0231095552444 5.50661611557
0.40480449121 -2.06074961882 -0.77420936745
0.436450542534 0.16271955614 -0.828361025064 -0.311209503269
-0.566066861153 0.00207418319769 -0.824356973171
-0.541236042976 0.753342032433 0.373549997807
0.621797502041 0.657626152039 -0.425318866968
0.00347441064447
33.4077613889 130.419288889 503.92

00000053.jpg
C:\Users\liuhong2\Desktop\VisualSFM_windows_cuda_64bit\Reconstruction\test\defish_fbd9ec84-ec3e-4991-823a-bb76c24cb8f3-fhbe5.jpg
1966.39135742
2398.5 1799
7.53082227707 0.387068092823 -1.39159226418
5.38387966156 0.423388242722 5.44373989105
0.330325568825 -2.09558993046 -0.633657368021
0.447312773173 0.133435271909 -0.846515191587 -0.255966389461
-0.564213037491 0.00308433081955 -0.825624287128
-0.454903811216 0.833352208138 0.313984394073
0.689003944397 0.55273360014 -0.468784302473
0.00158309290969
33.4077616667 130.419296111 487.77

00000054.jpg
C:\Users\liuhong2\Desktop\VisualSFM_windows_cuda_64bit\Reconstruction\test\defish_8aed9d61-46bb-4136-8686-90f0a9b96fc0-AbrFA.jpg
1972.14648438
2398.5 1799
6.29817056656 0.540347337723 -3.21048355103
5.14037227631 0.838362216949 4.81039524078
0.284790800756 -1.89319545139 -0.404666367954
0.558352751863 0.120740036652 -0.802639999549 -0.171562536321
-0.347327977419 -0.00223656883463 -0.937741756439
-0.38540622592 0.911975681782 0.140575006604
0.854883253574 0.410237133503 -0.317616522312
0.000261461628361
33.4076583333 130.419086389 471.74

00000055.jpg
C:\Users\liuhong2\Desktop\VisualSFM_windows_cuda_64bit\Reconstruction\test\defish_aa7d740c-97fc-43ee-98a6-871f8ab7ab59-dsTcX.jpg
1973.1394043
2398.5 1799
7.0853471756 0.0740005150437 -2.13046813011
5.24320316315 0.833693921566 5.15366411209
0.257644582335 -2.05788381046 -0.432804293858
0.489470011366 0.10604559514 -0.847017668416 -0.178140710375
-0.498346537352 -0.00525580486283 -0.866961836815
-0.354033946991 0.914040029049 0.197964310646
0.791397154331 0.40558886528 -0.457369923592
2.42985117311e-005
33.4077208333 130.419190556 471.95

00000056.jpg
C:\Users\liuhong2\Desktop\VisualSFM_windows_cuda_64bit\Reconstruction\test\defish_ab4c00e6-d709-436a-b7c0-27b80b990423-dnOqf.jpg
1972.38537598
2398.5 1799
7.6229057312 -0.387840211391 -1.13046240807
5.40490722656 0.832200288773 5.44348526001
0.231462976609 -2.19885336548 -0.472608642169
0.426231006747 0.0926092587331 -0.879769988373 -0.189092599877
-0.619501650333 -0.0017551908968 -0.784994006157
-0.324143707752 0.911335349083 0.253770023584
0.714946985245 0.41166177392 -0.565142214298
-0.000296893209636
33.4077661111 130.419313889 471.86

00000057.jpg
C:\Users\liuhong2\Desktop\VisualSFM_windows_cuda_64bit\Reconstruction\test\defish_0cea6cdb-0978-4e74-9662-81788bac1c70-74kKZ.jpg
1965.23669434
2398.5 1799
8.00457000732 -0.385169506073 -0.227451577783
5.59861803055 0.42774438858 5.72239303589
0.284458162707 -2.26456357213 -0.686651814662
0.370076179749 0.110875580228 -0.882677430077 -0.267641883223
-0.701500594616 0.00236198841594 -0.712665438652
-0.393829554319 0.832149028778 0.390417665243
0.593966126442 0.554547309875 -0.582822918892
0.00100699890388
33.4077958333 130.419415556 487.76

00000058.jpg
C:\Users\liuhong2\Desktop\VisualSFM_windows_cuda_64bit\Reconstruction\test\defish_dc8937df-6b85-44df-bbd6-25b27ca2e20f-nBukM.jpg
1967.86547852
2398.5 1799
4.41595649719 1.32297074795 -4.79315900803
5.13232898712 0.845111608505 4.14370250702
0.338154313424 -1.59621472625 -0.357113778631
0.671080007374 0.150097581983 -0.708516677816 -0.15851317738
-0.0542445406318 5.65966984141e-005 -0.998527646065
-0.42544350028 0.90468865633 0.0231636054814
0.903357863426 0.426073551178 -0.0490506105125
0.000575518066994
33.4074819444 130.418928611 471.88

00000059.jpg
C:\Users\liuhong2\Desktop\VisualSFM_windows_cuda_64bit\Reconstruction\test\defish_6de4913e-c9a5-49b0-8e4d-8aed682997ef-d3Mfj.jpg
1966.42895508
2398.5 1799
1.7782497406 1.80538988113 -5.83508396149
5.25847434998 0.849717736244 3.47796916962
0.37950620352 -1.25099865165 -0.276207795144
0.785013760025 0.175949419092 -0.579997069883 -0.128057461653
0.294409573078 -0.00304651190527 -0.955674409866
-0.405153989792 0.90528601408 -0.127699315548
0.865548312664 0.424791544676 0.265290826559
0.00167156994254
33.4072747222 130.418826111 471.76

00000060.jpg
C:\Users\liuhong2\Desktop\VisualSFM_windows_cuda_64bit\Reconstruction\test\defish_52d82ad3-1732-4a8f-a2b2-9a2c6ef95168-EKhEH.jpg
1972.11169434
2398.5 1799
8.00896453857 -0.960240006447 0.0702928155661
5.63845539093 0.848487257957 5.70600223541
0.199560349155 -2.36202074024 -0.517189554782
0.350117106941 0.0770461346877 -0.911927488892 -0.199676219577
-0.742964148521 -0.000700460048392 -0.669331490993
-0.280340701342 0.908386349678 0.310230612755
0.607794165611 0.418131291866 -0.675094246864
-0.00044568679265
33.4077958333 130.419446667 471.71

00000061.jpg
C:\Users\liuhong2\Desktop\VisualSFM_windows_cuda_64bit\Reconstruction\test\defish_8bc5252b-a2d8-44cf-b205-96b4c96e1e9c-3GSuA.jpg
1951.40319824
2398.5 1799
-5.71968603134 -5.46921300888 6.43239307404
9.33244609833 -0.0134968757629 4.11193084717
0.611685501961 1.33269549125 0.483379754161
0.716521887302 0.276356256039 0.602104733921 0.218388401682
0.179552361369 0.0198304820806 0.983548223972
0.645750761032 0.751867949963 -0.133045688272
-0.742136657238 0.659015536308 0.1221941486
0.0104908977396
33.4066561111 130.420224167 503.77

00000062.jpg
C:\Users\liuhong2\Desktop\VisualSFM_windows_cuda_64bit\Reconstruction\test\defish_9249053d-a3b0-49f9-8407-bea0dcf06965-wqFhu.jpg
1953.61584473
2398.5 1799
-4.66548490524 -6.01316928864 7.01344919205
9.34746742249 -0.00920009613037 4.44277095795
0.583234222488 1.480719947 0.540034178213
0.667248920572 0.25849086698 0.656258786087 0.239344499247
0.0240774676204 0.0198691561818 0.999512791634
0.658678591251 0.751793205738 -0.0308117866516
-0.752039074898 0.65909922123 0.00501381466165
0.0112207350831
33.4067444444 130.420310278 503.74

00000063.jpg
C:\Users\liuhong2\Desktop\VisualSFM_windows_cuda_64bit\Reconstruction\test\defish_d788ad02-261a-4e91-870d-6bc4b36996ed-P6Yv3.jpg
1958.88342285
2398.5 1799
-4.85146427155 -5.30357074738 7.37709617615
9.35603237152 0.427217960358 4.28581857681
0.481713166713 1.4682912766 0.427851255526
0.695475858481 0.215871600727 0.657989878862 0.191734297058
0.0605746358633 0.0173894073814 0.998012304306
0.550775706768 0.833274543285 -0.0479484051466
-0.832451999187 0.552585542202 0.0408974997699
0.00767119779828
33.4067311111 130.420299444 487.69

00000064.jpg
C:\Users\liuhong2\Desktop\VisualSFM_windows_cuda_64bit\Reconstruction\test\defish_d59c57d6-b824-4e52-abfa-9102a0a32556-uSPwO.jpg
1961.48071289
2398.5 1799
-3.63166642189 -5.69993591309 7.93670892715
9.32808685303 0.424034118652 4.63428068161
0.455013222711 1.62835301209 0.477215699911
0.638387997559 0.199358324212 0.713442404555 0.209086060521
-0.105433680117 0.0175049863756 0.994272232056
0.55141711235 0.833077669144 0.0438056401908
-0.827540040016 0.552877485752 -0.0974870473146
0.00809045019089
33.4068238889 130.420365833 487.71

00000065.jpg
C:\Users\liuhong2\Desktop\VisualSFM_windows_cuda_64bit\Reconstruction\test\defish_38506d72-a323-4e83-9de0-209aef8abbbe-2xbb9.jpg
1962.52954102
2398.5 1799
-2.37267565727 -5.96302747726 8.31698417664
9.24813652039 0.423803329468 4.96506643295
0.424045467643 1.78187038271 0.523614148602
0.579644934102 0.18138599879 0.762197367372 0.223976631216
-0.262221157551 0.0168503466994 0.964860022068
0.536158025265 0.833866655827 0.131150081754
-0.802355349064 0.551707983017 -0.227692499757
0.00811264773392
33.4069280556 130.420414444 487.81

00000066.jpg
C:\Users\liuhong2\Desktop\VisualSFM_windows_cuda_64bit\Reconstruction\test\defish_f8bce6f0-d44b-4319-aa52-77f5e228cc54-vYvuA.jpg
1963.95898438
2398.5 1799
-1.04275381565 -6.10400247574 8.53976821899
9.11977958679 0.421935081482 5.28444194794
0.388483602058 1.93684907349 0.56911063507
0.516630543291 0.161799622191 0.80667870322 0.237029015514
-0.413827329874 0.0161272976547 0.910211920738
0.505953013897 0.835275769234 0.215231716633
-0.756807506084 0.549594223499 -0.353819966316
0.00623531737643
33.4070386111 130.420443056 487.75

00000067.jpg
C:\Users\liuhong2\Desktop\VisualSFM_windows_cuda_64bit\Reconstruction\test\defish_f8d45c2d-3697-43d7-9711-bed0237044b6-F4ihQ.jpg
1965.29321289
2398.5 1799
0.280618607998 -6.13960504532 8.56850910187
8.9460105896 0.42501449585 5.56605863571
0.350699218765 2.08689582194 0.614802973899
0.451965583425 0.141962221505 0.844770535773 0.248870802363
-0.551147460938 0.0148889040574 0.834275126457
0.464813053608 0.835819423199 0.292153149843
-0.692953705788 0.54880130291 -0.467580407858
0.00568032001256
33.4071488889 130.420450556 487.75

00000068.jpg
C:\Users\liuhong2\Desktop\VisualSFM_windows_cuda_64bit\Reconstruction\test\defish_34462056-64bb-400b-af0e-c5f692c4d077-uWb1K.jpg
1956.17797852
2398.5 1799
-2.18726396561 -6.73090648651 7.83507299423
9.24156665802 0.000985145568848 5.10598325729
0.50773511018 1.78332077494 0.650633905625
0.554930989458 0.214949612111 0.754968685755 0.275445803996
-0.29169639945 0.0188535526395 0.956324756145
0.630267202854 0.755852520466 0.17734181881
-0.719497323036 0.65447062254 -0.232362508774
0.0101277818632
33.4069419444 130.420418056 503.75

00000069.jpg
C:\Users\liuhong2\Desktop\VisualSFM_windows_cuda_64bit\Reconstruction\test\defish_7514d504-d69e-45bd-8a75-8d2f52002c56-HrqII.jpg
1957.82336426
2398.5 1799
-0.78242701292 -6.9074640274 7.98979187012
