100 58339
1962.48474121 0 0
0.579322814941 -0.00331975216977 -0.815093040466
0.342461615801 -0.906457483768 0.247094601393
-0.739666104317 -0.422285139561 -0.523993968964
-0.886233329773 -1.86369466782 6.02564430237
1951.8996582 0 0
0.757889866829 0.00224399310537 -0.65238147974
0.365292489529 -0.829992055893 0.421515494585
-0.540524303913 -0.557772099972 -0.629861474037
-2.76583814621 -2.89730834961 5.08350658417
1961.0111084 0 0
0.704995155334 -0.00276584760286 -0.709207892418
0.299382805824 -0.905365288258 0.30113568902
-0.64292550087 -0.424623996019 -0.637449681759
-2.24854588509 -1.78472220898 5.81751918793
1959.28918457 0 0
0.808368325233 0.000395995099097 -0.58867585659
0.249938830733 -0.90562069416 0.342605382204
-0.53298330307 -0.424085378647 -0.732176601887
-3.52869987488 -1.61146736145 5.43106365204
1950.74182129 0 0
0.84900701046 0.00491943955421 -0.528359532356
0.299295037985 -0.828546702862 0.473214656115
-0.435442864895 -0.559898912907 -0.704914867878
-3.96708464622 -2.65124225616 4.65343952179
1958.7755127 0 0
0.891312003136 0.00475028390065 -0.453365236521
0.194966122508 -0.906785547733 0.373800575733
-0.409330159426 -0.421564310789 -0.809156477451
-4.72017669678 -1.35159492493 4.86277246475
1958.4251709 0 0
0.953220009804 0.0072848694399 -0.302190542221
0.134605780244 -0.905347704887 0.402772188187
-0.270651817322 -0.424607157707 -0.863976716995
-5.82591199875 -1.04277896881 4.1151227951
1944.15917969 0 0
0.757312297821 0.00640004035085 -0.65302246809
0.43618491292 -0.74915856123 0.498502850533
-0.486025810242 -0.662360370159 -0.57013720274
-2.70155882835 -3.91555786133 4.43328523636
1946.36120605 0 0
0.637278318405 0.00473528541625 -0.770617902279
0.514852762222 -0.746681690216 0.421180158854
-0.573412537575 -0.665165603161 -0.478282302618
-1.33778882027 -4.12934303284 4.67654514313
1941.74621582 0 0
0.853793203831 0.00819435436279 -0.520547449589
0.351730316877 -0.746246576309 0.565155148506
-0.383825659752 -0.665618598461 -0.640022814274
-3.96140122414 -3.60765647888 4.01564025879
1939.5324707 0 0
0.925846934319 0.0118520157412 -0.377710044384
0.260823011398 -0.743306517601 0.616006374359
-0.273454666138 -0.668844878674 -0.691280961037
-5.12623023987 -3.18167066574 3.45626378059
1939.76293945 0 0
0.925835371017 0.0118828201666 -0.377739191055
0.260804235935 -0.743454217911 0.615838706493
-0.273514181376 -0.668681383133 -0.69141471386
-5.1260304451 -3.18011474609 3.4559340477
1938.9005127 0 0
0.975573301315 0.0101731419563 -0.219436943531
0.153761178255 -0.745042681694 0.649051487446
-0.156887114048 -0.666938781738 -0.728409707546
-6.18184280396 -2.55354595184 2.76946878433
1948.53955078 0 0
0.974353075027 0.00932729523629 -0.224831879139
0.133941814303 -0.826903164387 0.546158313751
-0.180820062757 -0.562265574932 -0.806944847107
-6.17124652863 -1.78045153618 3.25861024857
1949.68005371 0 0
0.499054163694 0.00243579177186 -0.866567909718
0.577224731445 -0.746790885925 0.330322951078
-0.646341025829 -0.66505408287 -0.374095529318
0.0819180011749 -4.1744761467 4.75203466415
1938.31958008 0 0
0.997804164886 0.0121627235785 -0.0651173144579
0.0523925311863 -0.746425509453 0.663402676582
-0.040536608547 -0.665357649326 -0.74542337656
-7.04235029221 -1.89370322227 1.99458003044
1939.8215332 0 0
0.994476437569 0.0148410331458 0.103902406991
-0.0577614717185 -0.74916768074 0.659857571125
0.0876346305013 -0.662214756012 -0.744172394276
-7.72790622711 -1.08519732952 1.05005836487
1948.44934082 0 0
0.997164547443 0.0106903212145 -0.0744913741946
0.0505919456482 -0.828016400337 0.558415591717
-0.0557105690241 -0.560601115227 -0.826210737228
-6.98329877853 -1.23621952534 2.43107748032
1947.72265625 0 0
0.996508002281 0.0125683732331 0.0825527906418
-0.0363753288984 -0.824544370174 0.56462597847
0.0751651823521 -0.565657138824 -0.821207761765
-7.66957473755 -0.640281796455 1.4834830761
1941.68225098 0 0
0.965737223625 0.015038033016 0.259089112282
-0.160351023078 -0.750387966633 0.6412525177
0.204060018063 -0.660826802254 -0.722265422344
-8.2044878006 -0.257728606462 0.112196303904
1941.9552002 0 0
0.914792835712 0.0164847094566 0.403586834669
-0.258349686861 -0.744189083576 0.615985870361
0.310499578714 -0.667765617371 -0.676520705223
-8.4985370636 0.564226925373 -0.827320873737
1950.00854492 0 0
0.919341623783 0.0144333392382 0.393197208643
-0.207680076361 -0.830978751183 0.516083657742
0.334186792374 -0.556116640568 -0.760955691338
-8.42571163177 0.808736085892 -0.694843530655
1946.20544434 0 0
0.837538659573 0.0157525744289 0.546152114868
-0.353168100119 -0.747090756893 0.56314098835
0.416895210743 -0.664536356926 -0.62015324831
-8.56564235687 1.48071503639 -1.86460483074
1953.12756348 0 0
0.844931781292 0.0148849794641 0.534667432308
-0.28542521596 -0.832842409611 0.474242001772
0.45235273242 -0.553309500217 -0.699446260929
-8.50041007996 1.54840910435 -1.82149958611
1954.95495605 0 0
0.754647016525 0.0166943650693 0.655918896198
-0.354666978121 -0.830665767193 0.429192602634
0.552014648914 -0.556521594524 -0.620938837528
-8.40403842926 2.247402668 -2.85593032837
1946.65856934 0 0
0.736894190311 0.0184748154134 0.675756633282
-0.436475485563 -0.750332713127 0.496478527784
0.516213715076 -0.660803496838 -0.544850707054
-8.39665126801 2.36959552765 -2.93101167679
1946.92138672 0 0
0.617150783539 0.0181924495846 0.786634385586
-0.511992931366 -0.74985486269 0.419024497271
0.597484886646 -0.661352932453 -0.453459233046
-8.01300811768 3.25756311417 -3.91588640213
1947.0378418 0 0
0.493765592575 0.0189512651414 0.869388222694
-0.567993044853 -0.750003695488 0.338938325644
0.658467292786 -0.661162912846 -0.359561741352
-7.50881290436 4.00892400742 -4.7677526474
1957.24316406 0 0
0.648576140404 0.0183776374906 0.760928213596
-0.411640793085 -0.832428216934 0.370966136456
0.640235185623 -0.553828477859 -0.532328367233
-8.10175418854 2.91899299622 -3.88382196426
1955.84082031 0 0
0.523793756962 0.0183945223689 0.851646602154
-0.466388911009 -0.830415964127 0.304782152176
0.712826311588 -0.556841671467 -0.426387608051
-7.60309123993 3.59466481209 -4.84594392776
1955.99694824 0 0
0.369583547115 0.0180386044085 0.929022848606
-0.51168513298 -0.830612361431 0.219686567783
0.775619864464 -0.556559562683 -0.297750741243
-6.79176712036 4.28570413589 -5.85245037079
1964.03051758 0 0
0.689671039581 0.0159233547747 0.723947942257
-0.296144008636 -0.906124949455 0.302052825689
0.660797297955 -0.422710090876 -0.620212852955
-8.3396024704 2.49435639381 -3.67711019516
1963.94482422 0 0
0.794040203094 0.018952568993 0.607571721077
-0.237599283457 -0.910320162773 0.338916659355
0.559507548809 -0.413471668959 -0.718327045441
-8.60465049744 1.91128337383 -2.5702624321
1962.08789063 0 0
0.88086527586 0.0151336668059 0.473125755787
-0.186617419124 -0.907438397408 0.376469552517
0.435029655695 -0.419912427664 -0.796507120132
-8.64886188507 1.38855087757 -1.31389725208
1963.74108887 0 0
0.553480327129 0.0173766035587 0.832681715488
-0.339803367853 -0.908074676991 0.244815737009
0.76039069891 -0.41844856739 -0.496696710587
-7.79910802841 3.054864645 -4.93871545792
1958.48498535 0 0
0.945035994053 0.0137058142573 0.326679944992
-0.126046612859 -0.90662497282 0.402671724558
0.301694959402 -0.421715885401 -0.855065047741
-8.48739814758 0.83464795351 -0.0830449089408
1956.71557617 0 0
0.986520111561 0.00930311810225 0.163376390934
-0.0614969022572 -0.904124379158 0.42281883955
0.151646256447 -0.427166730165 -0.891365766525
-8.08823394775 0.287412375212 1.18621349335
1956.8236084 0 0
0.999976336956 0.0070361145772 4.65906814497e-005
0.00632642023265 -0.901953756809 0.431786924601
0.00308000505902 -0.431776344776 -0.901975810528
-7.48690319061 -0.239467054605 2.33397626877
1957.41821289 0 0
0.987782657146 0.00550110079348 -0.155744552612
0.0719216316938 -0.902676582336 0.424267202616
-0.138253182173 -0.430284917355 -0.892043471336
-6.70759105682 -0.68340498209 3.31096148491
1957.71704102 0 0
0.507991313934 0.000418498762883 -0.861362040043
0.486103743315 -0.825678884983 0.286280184984
-0.711089253426 -0.564139544964 -0.419641494751
-0.0541755259037 -3.19890189171 5.43565607071
1951.01330566 0 0
0.349269479513 0.000953207025304 -0.937022209167
0.618536710739 -0.751403570175 0.229791402817
-0.703862667084 -0.659842014313 -0.263031810522
1.47499382496 -4.0337395668 4.66776800156
1957.50769043 0 0
0.36293515563 -0.000367579428712 -0.931814074516
0.522729098797 -0.82774835825 0.203925848007
-0.771383225918 -0.561098575592 -0.30022713542
1.28681194782 -3.11770796776 5.3489074707
1951.16418457 0 0
0.193413570523 -0.0034261632245 -0.981110990047
0.65020185709 -0.748418331146 0.130792155862
-0.734730660915 -0.663217544556 -0.142526641488
2.79718208313 -3.83654737473 4.36949110031
1961.11621094 0 0
0.209839656949 1.63766853802e-005 -0.977735877037
0.544007122517 -0.830919802189 0.116739541292
-0.812417685986 -0.556391894817 -0.174368575215
2.57377576828 -2.90142416954 5.08104133606
1952.26269531 0 0
0.0439202710986 -4.66447745566e-005 -0.999035298824
0.662445306778 -0.74854195118 0.0291575156152
-0.747821331024 -0.663087069988 -0.0328452661633
3.96430063248 -3.49846148491 3.95764398575
1963.64611816 0 0
0.0490809381008 -0.00204277108423 -0.99879270792
0.551584839821 -0.833621144295 0.028809864074
-0.832673490047 -0.552333176136 -0.0397881269455
3.83196210861 -2.57819509506 4.62414884567
1963.93103027 0 0
-0.106944337487 -0.000873830227647 -0.994264602661
0.549288868904 -0.833593189716 -0.0583496317267
-0.828761041164 -0.552378773689 0.0896282941103
4.94263887405 -2.18526721001 4.0390381813
1954.46777344 0 0
-0.119094870985 0.00194840622135 -0.992881178856
0.654708981514 -0.751634716988 -0.080006994307
-0.746439993382 -0.659576654434 0.0882403180003
5.12663936615 -2.9733839035 3.38053774834
1955.40930176 0 0
-0.269506305456 0.00217840378173 -0.962996184826
0.633173167706 -0.753050982952 -0.178904786706
-0.725574910641 -0.657959342003 0.201572746038
6.07905578613 -2.39003801346 2.71827340126
1963.29785156 0 0
-0.273326426744 0.00134644028731 -0.961920082569
0.530236303806 -0.834143936634 -0.151832491159
-0.802584350109 -0.551544964314 0.227279826999
6.00170373917 -1.64293527603 3.25203990936
1956.07141113 0 0
-0.425490230322 0.00256561744027 -0.904959261417
0.595447480679 -0.752237915993 -0.282098114491
-0.681469202042 -0.658886492252 0.318542510271
6.9287443161 -1.66803586483 1.89492869377
1965.29467773 0 0
-0.431894719601 -0.00547430105507 -0.901907980442
0.496797651052 -0.836052894592 -0.232826083899
-0.752767384052 -0.548621714115 0.363806277514
6.90563249588 -1.045576334 2.29102540016
1957.90136719 0 0
-0.566066861153 0.00207418319769 -0.824356973171
0.541236042976 -0.753342032433 -0.373549997807
-0.621797502041 -0.657626152039 0.425318866968
7.58609676361 -0.873407185078 0.989315509796
1966.39135742 0 0
-0.564213037491 0.00308433081955 -0.825624287128
0.454903811216 -0.833352208138 -0.313984394073
-0.689003944397 -0.55273360014 0.468784302473
7.53082227707 -0.387068092823 1.39159226418
1972.14648438 0 0
-0.347327977419 -0.00223656883463 -0.937741756439
0.38540622592 -0.911975681782 -0.140575006604
-0.854883253574 -0.410237133503 0.317616522312
6.29817056656 -0.540347337723 3.21048355103
1973.1394043 0 0
-0.498346537352 -0.00525580486283 -0.866961836815
0.354033946991 -0.914040029049 -0.197964310646
-0.791397154331 -0.40558886528 0.457369923592
7.0853471756 -0.0740005150437 2.13046813011
1972.38537598 0 0
-0.619501650333 -0.0017551908968 -0.784994006157
0.324143707752 -0.911335349083 -0.253770023584
-0.714946985245 -0.41166177392 0.565142214298
7.6229057312 0.387840211391 1.13046240807
1965.23669434 0 0
-0.701500594616 0.00236198841594 -0.712665438652
0.393829554319 -0.832149028778 -0.390417665243
-0.593966126442 -0.554547309875 0.582822918892
8.00457000732 0.385169506073 0.227451577783
1967.86547852 0 0
-0.0542445406318 5.65966984141e-005 -0.998527646065
0.42544350028 -0.90468865633 -0.0231636054814
-0.903357863426 -0.426073551178 0.0490506105125
4.41595649719 -1.32297074795 4.79315900803
1966.42895508 0 0
0.294409573078 -0.00304651190527 -0.955674409866
0.405153989792 -0.90528601408 0.127699315548
-0.865548312664 -0.424791544676 -0.265290826559
1.7782497406 -1.80538988113 5.83508396149
1972.11169434 0 0
-0.742964148521 -0.000700460048392 -0.669331490993
0.280340701342 -0.908386349678 -0.310230612755
-0.607794165611 -0.418131291866 0.675094246864
8.00896453857 0.960240006447 -0.0702928155661
1951.40319824 0 0
0.179552361369 0.0198304820806 0.983548223972
-0.645750761032 -0.751867949963 0.133045688272
0.742136657238 -0.659015536308 -0.1221941486
-5.71968603134 5.46921300888 -6.43239307404
1953.61584473 0 0
0.0240774676204 0.0198691561818 0.999512791634
-0.658678591251 -0.751793205738 0.0308117866516
0.752039074898 -0.65909922123 -0.00501381466165
-4.66548490524 6.01316928864 -7.01344919205
1958.88342285 0 0
0.0605746358633 0.0173894073814 0.998012304306
-0.550775706768 -0.833274543285 0.0479484051466
0.832451999187 -0.552585542202 -0.0408974997699
-4.85146427155 5.30357074738 -7.37709617615
1961.48071289 0 0
-0.105433680117 0.0175049863756 0.994272232056
-0.55141711235 -0.833077669144 -0.0438056401908
0.827540040016 -0.552877485752 0.0974870473146
-3.63166642189 5.69993591309 -7.93670892715
1962.52954102 0 0
-0.262221157551 0.0168503466994 0.964860022068
-0.536158025265 -0.833866655827 -0.131150081754
0.802355349064 -0.551707983017 0.227692499757
-2.37267565727 5.96302747726 -8.31698417664
1963.95898438 0 0
-0.413827329874 0.0161272976547 0.910211920738
-0.505953013897 -0.835275769234 -0.215231716633
0.756807506084 -0.549594223499 0.353819966316
-1.04275381565 6.10400247574 -8.53976821899
1965.29321289 0 0
-0.551147460938 0.0148889040574 0.834275126457
-0.464813053608 -0.835819423199 -0.292153149843
0.692953705788 -0.54880130291 0.467580407858
0.280618607998 6.13960504532 -8.56850910187
1956.17797852 0 0
-0.29169639945 0.0188535526395 0.956324756145
-0.630267202854 -0.755852520466 -0.17734181881
0.719497323036 -0.65447062254 0.232362508774
-2.18726396561 6.73090648651 -7.83507299423
1957.82336426 0 0
-0.447451919317 0.0166869964451 0.894152164459
-0.59135812521 -0.755558609962 -0.281827032566
0.670881509781 -0.654868721962 0.347944229841
-0.78242701292 6.9074640274 -7.98979187012
1957.7800293 0 0
-0.580964326859 0.0141386957839 0.813806414604
-0.539894640446 -0.754918158054 -0.372307240963
0.609093129635 -0.655666708946 0.446213722229
0.533803999424 6.93521881104 -7.96577548981
1959.79919434 0 0
-0.694483757019 0.0121961608529 0.719405353069
-0.4783462286 -0.754719078541 -0.448980569839
0.537473320961 -0.65593457222 0.529974222183
1.75388503075 6.82869958878 -7.81930875778
1962.64819336 0 0
-0.679518401623 0.0129681127146 0.733544290066
-0.409915536642 -0.835932075977 -0.364946871996
0.608460307121 -0.548679232597 0.573346793652
1.65504598618 6.05443954468 -8.40230178833
1962.56335449 0 0
-0.784984230995 0.00989859364927 0.619436919689
-0.346253454685 -0.836132228374 -0.425430297852
0.513719975948 -0.548438489437 0.65977782011
2.90256214142 5.84970760345 -8.09386348724
1961.63037109 0 0
-0.874944090843 0.00880454946309 0.484143733978
-0.271659404039 -0.83659029007 -0.475728660822
0.400841623545 -0.547758221626 0.734362125397
4.12940979004 5.52157926559 -7.59638738632
1969.87133789 0 0
0.108468368649 0.0163059923798 0.993966758251
-0.41569045186 -0.907508194447 0.0602505728602
0.903014957905 -0.419717848301 -0.0916573554277
-5.26750564575 4.38980674744 -7.70329713821
1966.9675293 0 0
0.259996145964 0.0165886618197 0.965467333794
-0.40312731266 -0.906685054302 0.124138846993
0.877433776855 -0.421481758356 -0.229047209024
-6.23909950256 4.02890348434 -6.9196434021
1970.76037598 0 0
-0.0506551153958 0.0155355883762 0.998595118523
-0.419417113066 -0.907765269279 -0.00715292757377
0.906379461288 -0.419190585613 0.0524994134903
-4.13568782806 4.70218849182 -8.34489631653
1973.61914063 0 0
-0.212764009833 0.0155709944665 0.976979255676
-0.410947203636 -0.908567488194 -0.0750144645572
0.8864839077 -0.417447954416 0.199709460139
-2.86442446709 4.93116283417 -8.83566093445
1972.86108398 0 0
-0.365522861481 0.0148687632754 0.930683910847
-0.392452508211 -0.909114360809 -0.139610111713
0.844022631645 -0.416279792786 0.338137328625
-1.55543482304 5.07863903046 -9.12158584595
1970.65930176 0 0
-0.512368440628 0.0137738613412 0.858655571938
-0.362837404013 -0.909713625908 -0.201915964484
0.778349518776 -0.415007382631 0.47110620141
-0.182459205389 5.13306570053 -9.21297740936
1956.65283203 0 0
-0.884877622128 0.00665227137506 0.46577578783
-0.308495253325 -0.757568180561 -0.575257480145
0.349030226469 -0.652722656727 0.672407448292
4.23688316345 6.14846611023 -7.08413791656
1957.38623047 0 0
-0.950231432915 0.00704767368734 0.311465620995
-0.208341404796 -0.757684648037 -0.618471324444
0.231634363532 -0.652582168579 0.721444785595
5.38466310501 5.60873794556 -6.45013952255
1970.7286377 0 0
-0.644796013832 0.0116352038458 0.764266550541
-0.323021441698 -0.910355687141 -0.258667498827
0.692744731903 -0.413662075996 0.5907523036
1.19464528561 5.08837223053 -9.1084022522
1973.71398926 0 0
-0.844263672829 -0.00244534248486 -0.535922765732
0.224173098803 -0.90991538763 -0.348998963833
-0.486790835857 -0.414786577225 0.768756389618
8.17581176758 1.53058218956 -1.34393560886
1963.85461426 0 0
-0.88699889183 -0.00162391085178 -0.461768865585
0.251463115215 -0.840414702892 -0.480073034763
-0.387297689915 -0.541941940784 0.745855093002
8.31817245483 1.76354598999 -1.98177480698
1956.2199707 0 0
-0.875230610371 0.00382514414378 -0.483690142632
0.31327059865 -0.75743418932 -0.572848141193
-0.368554592133 -0.652900457382 0.661731362343
8.33898067474 1.61165165901 -1.84266448021
1955.91796875 0 0
-0.93955385685 0.00598772848025 -0.342348963022
0.220127910376 -0.755274295807 -0.617336332798
-0.26226362586 -0.655381381512 0.708302557468
8.19788074493 2.48069429398 -2.80605697632
1955.30969238 0 0
-0.982536017895 0.00578701682389 -0.185982227325
0.11737062037 -0.756311833858 -0.643596947193
-0.144385173917 -0.654185831547 0.742424428463
7.82228899002 3.33948993683 -3.81464242935
1954.93432617 0 0
-0.999771654606 0.0052766148001 -0.0207056459039
0.00950147490948 -0.758171737194 -0.651985287666
-0.0191386099905 -0.652033388615 0.757948637009
7.23628807068 4.15303182602 -4.80511188507
1963.49963379 0 0
-0.99100703001 0.00356071721762 -0.133762523532
0.0708870813251 -0.833877503872 -0.547378718853
-0.11349055171 -0.551938354969 0.82612580061
7.62081050873 3.35235524178 -4.26065683365
1962.13647461 0 0
-0.999708235264 0.00519696855918 0.0235760137439
-0.0172968190163 -0.835451006889 -0.549292385578
0.0168420821428 -0.549540221691 0.835297524929
7.01543045044 3.99563217163 -5.25267314911
1963.15100098 0 0
-0.984860539436 0.00671329628676 0.17321754992
-0.100548863411 -0.836098790169 -0.539285600185
0.141206711531 -0.548538029194 0.824115812778
6.27233362198 4.55788135529 -6.1070766449
1970.89355469 0 0
-0.764471113682 0.00957699213177 0.644586741924
-0.272529065609 -0.910947859287 -0.309681117535
0.584218978882 -0.412410885096 0.699002981186
2.57752966881 4.94352197647 -8.79379367828
1969.96008301 0 0
-0.8560090065 0.00946719013155 0.51687425375
-0.221373096108 -0.910235702991 -0.349949687719
0.467164337635 -0.413982003927 0.781265795231
3.79012465477 4.74341726303 -8.29255580902
1972.24621582 0 0
-0.95158213377 0.0076260198839 -0.307300716639
0.121312215924 -0.909233808517 -0.398217201233
-0.28244510293 -0.416215538979 0.864285767078
8.10343933105 2.48446416855 -3.27272057533
1969.15478516 0 0
-0.990242063999 0.00644897529855 -0.13920904696
0.052127584815 -0.909272372723 -0.412924140692
-0.129241853952 -0.416151642799 0.900063753128
7.62831401825 3.04527068138 -4.50764751434
1969.48339844 0 0
-0.999554991722 0.00590911693871 0.029241528362
-0.0175347141922 -0.909369647503 -0.415619194508
0.0241353288293 -0.415947020054 0.909068644047
6.97204494476 3.55237627029 -5.6511349678
1970.30224609 0 0
-0.981703579426 0.00646150764078 0.19030623138
-0.0848316401243 -0.909603834152 -0.406724303961
0.170475155115 -0.415426582098 0.893509268761
6.1368765831 3.99561214447 -6.63865375519
1956.43164063 0 0
0.638990104198 0.00177097402047 -0.769212961197
0.432217955589 -0.828033149242 0.357139855623
-0.636301219463 -0.560676455498 -0.529870390892
-1.41505372524 -3.109177351 5.35637903214